{
 "cells": [
  {
   "cell_type": "markdown",
   "metadata": {},
   "source": [
    "https://www.bilibili.com/video/BV1Xi421R7ev/?spm_id_from=333.337.search-card.all.click&vd_source=a0dab138978e49c265fbce6907b40d53\n",
    "\n",
    "https://www.bilibili.com/video/BV1F1421B7iv/?spm_id_from=333.337.search-card.all.click&vd_source=a0dab138978e49c265fbce6907b40d53\n",
    "\n",
    "https://www.youtube.com/watch?v=o29P0Kpobz0\n",
    "\n",
    "https://www.youtube.com/watch?v=SMBkImDWOyQ"
   ]
  },
  {
   "cell_type": "code",
   "execution_count": 2,
   "metadata": {},
   "outputs": [],
   "source": [
    "import torch\n",
    "import math\n",
    "import seaborn as sns\n",
    "import matplotlib.pyplot as plt\n",
    "import numpy as np"
   ]
  },
  {
   "cell_type": "code",
   "execution_count": null,
   "metadata": {},
   "outputs": [],
   "source": [
    "# verify the expand function\n",
    "a = torch.arange(0, 4)\n",
    "print(\"arange(0, 4) shape:\", a.shape)\n",
    "print(\"a:\\n\", a)\n",
    "\n",
    "b1 = a.unsqueeze(0)\n",
    "print(\"unsqueeze(0) shape:\", b1.shape)\n",
    "print(\"b1:\\n\", b1)\n",
    "b1 = b1[:, None, :]\n",
    "print(\"[:, None, :] shape:\", b1.shape)\n",
    "print(\"b1:\\n\", b1)\n",
    "\n",
    "b = a[None, :, None]\n",
    "print(\"[None, :, None] shape:\", b.shape)\n",
    "print(\"b:\\n\", b)\n",
    "\n",
    "c = b.expand(4, -1, 1)\n",
    "print(\"c.shape:\", c.shape)\n",
    "print(\"c:\\n\", c)\n",
    "\n",
    "b[0][1] = 100\n",
    "print(\"b:\\n\", b)\n",
    "print(\"c:\\n\", c)"
   ]
  },
  {
   "cell_type": "code",
   "execution_count": 4,
   "metadata": {},
   "outputs": [],
   "source": [
    "def rotate_half(x):\n",
    "    \"\"\"Rotates half the hidden dims of the input.\"\"\"\n",
    "    x1 = x[..., : x.shape[-1] // 2]\n",
    "    x2 = x[..., x.shape[-1] // 2 :]\n",
    "    return torch.cat((-x2, x1), dim=-1)"
   ]
  },
  {
   "cell_type": "code",
   "execution_count": 92,
   "metadata": {},
   "outputs": [
    {
     "name": "stdout",
     "output_type": "stream",
     "text": [
      "tensor([0.0000, 0.1250, 0.2500, 0.3750, 0.5000, 0.6250, 0.7500, 0.8750])\n",
      "tensor([1.0000, 0.5623, 0.3162, 0.1778, 0.1000, 0.0562, 0.0316, 0.0178])\n",
      "torch.Size([8])\n"
     ]
    }
   ],
   "source": [
    "base = 100\n",
    "dim = 16  \n",
    "device = 'cpu'\n",
    "exp = torch.arange(0, dim, 2, dtype=torch.float32).to(device) / dim\n",
    "print(exp)\n",
    "# inv_freq = 1.0 / (10000 ** (2i/dim))\n",
    "# shape: [half_dim]\n",
    "inv_freq = 1.0 / (base ** exp)\n",
    "\n",
    "print(inv_freq)\n",
    "print(inv_freq.shape)"
   ]
  },
  {
   "cell_type": "code",
   "execution_count": 80,
   "metadata": {},
   "outputs": [
    {
     "name": "stdout",
     "output_type": "stream",
     "text": [
      "torch.Size([4])\n",
      "tensor([[0, 1, 2, 3]])\n",
      "torch.Size([1, 4])\n"
     ]
    }
   ],
   "source": [
    "context_len = 4\n",
    "# shape [context_len]\n",
    "position_ids = torch.arange(0, context_len)\n",
    "print(position_ids.shape)\n",
    "\n",
    "# shape [1, context_len]\n",
    "position_ids = position_ids.unsqueeze(0)\n",
    "print(position_ids)\n",
    "print(position_ids.shape)"
   ]
  },
  {
   "cell_type": "code",
   "execution_count": 82,
   "metadata": {},
   "outputs": [
    {
     "name": "stdout",
     "output_type": "stream",
     "text": [
      "tensor([[[1.0000],\n",
      "         [0.5623],\n",
      "         [0.3162],\n",
      "         [0.1778],\n",
      "         [0.1000],\n",
      "         [0.0562],\n",
      "         [0.0316],\n",
      "         [0.0178]]])\n",
      "torch.Size([1, 8, 1])\n",
      "tensor([[[1.0000],\n",
      "         [0.5623],\n",
      "         [0.3162],\n",
      "         [0.1778],\n",
      "         [0.1000],\n",
      "         [0.0562],\n",
      "         [0.0316],\n",
      "         [0.0178]]])\n",
      "torch.Size([1, 8, 1])\n"
     ]
    }
   ],
   "source": [
    "# [1, half_dim, 1]\n",
    "inv_freq_expanded = inv_freq[None, :, None].float()\n",
    "print(inv_freq_expanded)\n",
    "print(inv_freq_expanded.shape)\n",
    "\n",
    "# [batch_size, half_dim, 1]\n",
    "inv_freq_expanded = inv_freq_expanded.expand(position_ids.shape[0], -1, 1)\n",
    "print(inv_freq_expanded)\n",
    "print(inv_freq_expanded.shape)"
   ]
  },
  {
   "cell_type": "code",
   "execution_count": 81,
   "metadata": {},
   "outputs": [
    {
     "name": "stdout",
     "output_type": "stream",
     "text": [
      "tensor([[[0., 1., 2., 3.]]])\n",
      "torch.Size([1, 1, 4])\n"
     ]
    }
   ],
   "source": [
    "# [1, 1, context_len]\n",
    "position_ids_expanded = position_ids[:, None, :].float()\n",
    "print(position_ids_expanded)\n",
    "print(position_ids_expanded.shape)\n"
   ]
  },
  {
   "cell_type": "code",
   "execution_count": 77,
   "metadata": {},
   "outputs": [
    {
     "name": "stdout",
     "output_type": "stream",
     "text": [
      "tensor([[[0.0000, 1.0000, 2.0000, 3.0000],\n",
      "         [0.0000, 0.5623, 1.1247, 1.6870],\n",
      "         [0.0000, 0.3162, 0.6325, 0.9487],\n",
      "         [0.0000, 0.1778, 0.3557, 0.5335],\n",
      "         [0.0000, 0.1000, 0.2000, 0.3000],\n",
      "         [0.0000, 0.0562, 0.1125, 0.1687],\n",
      "         [0.0000, 0.0316, 0.0632, 0.0949],\n",
      "         [0.0000, 0.0178, 0.0356, 0.0533]]])\n",
      "torch.Size([1, 8, 4])\n",
      "tensor([[[0.0000, 0.0000, 0.0000, 0.0000, 0.0000, 0.0000, 0.0000, 0.0000],\n",
      "         [1.0000, 0.5623, 0.3162, 0.1778, 0.1000, 0.0562, 0.0316, 0.0178],\n",
      "         [2.0000, 1.1247, 0.6325, 0.3557, 0.2000, 0.1125, 0.0632, 0.0356],\n",
      "         [3.0000, 1.6870, 0.9487, 0.5335, 0.3000, 0.1687, 0.0949, 0.0533]]])\n",
      "torch.Size([1, 4, 8])\n"
     ]
    }
   ],
   "source": [
    "freqs = (inv_freq_expanded.float() @ position_ids_expanded.float())\n",
    "print(freqs)\n",
    "print(freqs.shape)\n",
    "\n",
    "freqs = freqs.transpose(1, 2)\n",
    "print(freqs)\n",
    "print(freqs.shape)"
   ]
  },
  {
   "cell_type": "code",
   "execution_count": null,
   "metadata": {},
   "outputs": [
    {
     "name": "stdout",
     "output_type": "stream",
     "text": [
      "tensor([0.0000, 0.1250, 0.2500, 0.3750, 0.5000, 0.6250, 0.7500, 0.8750])\n",
      "tensor([1.0000, 0.5623, 0.3162, 0.1778, 0.1000, 0.0562, 0.0316, 0.0178])\n",
      "tensor([[0, 1, 2, 3]])\n",
      "torch.Size([1, 4])\n",
      "tensor([[[1.0000],\n",
      "         [0.5623],\n",
      "         [0.3162],\n",
      "         [0.1778],\n",
      "         [0.1000],\n",
      "         [0.0562],\n",
      "         [0.0316],\n",
      "         [0.0178]]])\n",
      "torch.Size([1, 8, 1])\n",
      "tensor([[[1.0000],\n",
      "         [0.5623],\n",
      "         [0.3162],\n",
      "         [0.1778],\n",
      "         [0.1000],\n",
      "         [0.0562],\n",
      "         [0.0316],\n",
      "         [0.0178]]])\n",
      "torch.Size([1, 8, 1])\n",
      "tensor([[[0., 1., 2., 3.]]])\n",
      "torch.Size([1, 1, 4])\n",
      "tensor([[[0.0000, 1.0000, 2.0000, 3.0000],\n",
      "         [0.0000, 0.5623, 1.1247, 1.6870],\n",
      "         [0.0000, 0.3162, 0.6325, 0.9487],\n",
      "         [0.0000, 0.1778, 0.3557, 0.5335],\n",
      "         [0.0000, 0.1000, 0.2000, 0.3000],\n",
      "         [0.0000, 0.0562, 0.1125, 0.1687],\n",
      "         [0.0000, 0.0316, 0.0632, 0.0949],\n",
      "         [0.0000, 0.0178, 0.0356, 0.0533]]])\n",
      "torch.Size([1, 8, 4])\n",
      "tensor([[[0.0000, 0.0000, 0.0000, 0.0000, 0.0000, 0.0000, 0.0000, 0.0000],\n",
      "         [1.0000, 0.5623, 0.3162, 0.1778, 0.1000, 0.0562, 0.0316, 0.0178],\n",
      "         [2.0000, 1.1247, 0.6325, 0.3557, 0.2000, 0.1125, 0.0632, 0.0356],\n",
      "         [3.0000, 1.6870, 0.9487, 0.5335, 0.3000, 0.1687, 0.0949, 0.0533]]])\n",
      "torch.Size([1, 4, 8])\n",
      "x:\n",
      " tensor([[ 0.0682, -0.3411,  0.4253, -0.5077,  1.2255, -1.3127,  0.3729, -1.0480,\n",
      "         -1.0363,  1.0650,  1.3895,  0.1432, -1.2308,  0.1545,  0.1566,  1.2562],\n",
      "        [-1.0422,  0.1679,  0.7945, -0.7375,  2.0408,  0.7011,  1.7947,  0.1029,\n",
      "          1.2544, -0.2211, -0.6358, -0.2028, -1.5684, -2.1797,  0.7401, -0.1951],\n",
      "        [-0.8451,  1.4620,  0.3851,  0.9955,  1.2610, -0.6584,  1.5790,  0.5735,\n",
      "          0.1970, -0.2645,  0.6823,  0.1402, -1.3840, -0.6772,  0.2886,  2.5618],\n",
      "        [-1.1321, -1.4115,  1.2855,  0.3887,  0.6222, -1.6725,  0.1082,  0.1361,\n",
      "         -0.3068,  0.7868, -1.3730,  1.1633,  0.1145,  1.6067, -2.3400, -0.0206]])\n",
      "y:\n",
      " tensor([[ 1.0363, -1.0650, -1.3895, -0.1432,  1.2308, -0.1545, -0.1566, -1.2562,\n",
      "          0.0682, -0.3411,  0.4253, -0.5077,  1.2255, -1.3127,  0.3729, -1.0480],\n",
      "        [-1.2544,  0.2211,  0.6358,  0.2028,  1.5684,  2.1797, -0.7401,  0.1951,\n",
      "         -1.0422,  0.1679,  0.7945, -0.7375,  2.0408,  0.7011,  1.7947,  0.1029],\n",
      "        [-0.1970,  0.2645, -0.6823, -0.1402,  1.3840,  0.6772, -0.2886, -2.5618,\n",
      "         -0.8451,  1.4620,  0.3851,  0.9955,  1.2610, -0.6584,  1.5790,  0.5735],\n",
      "        [ 0.3068, -0.7868,  1.3730, -1.1633, -0.1145, -1.6067,  2.3400,  0.0206,\n",
      "         -1.1321, -1.4115,  1.2855,  0.3887,  0.6222, -1.6725,  0.1082,  0.1361]])\n",
      "out:\n",
      " tensor([[[ 0.0682, -0.3411,  0.4253, -0.5077,  1.2255, -1.3127,  0.3729,\n",
      "          -1.0480, -1.0363,  1.0650,  1.3895,  0.1432, -1.2308,  0.1545,\n",
      "           0.1566,  1.2562],\n",
      "         [-1.6186,  0.2599,  0.9528, -0.6900,  2.1871,  0.8225,  1.7704,\n",
      "           0.1063, -0.1992, -0.0975, -0.3572, -0.3300, -1.3568, -2.1368,\n",
      "           0.7965, -0.1932],\n",
      "         [ 0.1725,  0.8694, -0.0927,  0.8844,  1.5109, -0.5782,  1.5576,\n",
      "           0.4820, -0.8504,  1.2048,  0.7780,  0.4780, -1.1059, -0.7469,\n",
      "           0.3879,  2.5805],\n",
      "         [ 1.1641, -0.6178,  1.8649, -0.2569,  0.5606, -1.9186,  0.3293,\n",
      "           0.1370,  0.1440, -1.4933,  0.2446,  1.1994,  0.2933,  1.3031,\n",
      "          -2.3193, -0.0133]]])\n"
     ]
    }
   ],
   "source": [
    "# full rotary positinal encoding\n",
    "base = 100\n",
    "context_len = 4\n",
    "dim = 16\n",
    "device = 'cpu'\n",
    "exp = torch.arange(0, dim, 2, dtype=torch.float32).to(device) / dim\n",
    "print(exp)\n",
    "# inv_freq = 1.0 / (10000 ** (2i/dim))\n",
    "inv_freq = 1.0 / (base ** exp)\n",
    "print(inv_freq)\n",
    "\n",
    "position_ids = torch.arange(0, context_len)\n",
    "position_ids = position_ids.unsqueeze(0)\n",
    "print(position_ids)\n",
    "print(position_ids.shape)\n",
    "\n",
    "inv_freq_expanded = inv_freq[None, :, None].float()\n",
    "print(inv_freq_expanded)\n",
    "print(inv_freq_expanded.shape)\n",
    "inv_freq_expanded = inv_freq_expanded.expand(position_ids.shape[0], -1, 1)\n",
    "print(inv_freq_expanded)\n",
    "print(inv_freq_expanded.shape)\n",
    "\n",
    "position_ids_expanded = position_ids[:, None, :].float()\n",
    "print(position_ids_expanded)\n",
    "print(position_ids_expanded.shape)\n",
    "\n",
    "freqs = (inv_freq_expanded.float() @ position_ids_expanded.float())\n",
    "print(freqs)\n",
    "print(freqs.shape)\n",
    "\n",
    "freqs = freqs.transpose(1, 2)\n",
    "print(freqs)\n",
    "print(freqs.shape)\n",
    "\n",
    "emb = torch.cat((freqs, freqs), dim=-1)\n",
    "cos = emb.cos()\n",
    "sin = emb.sin()\n",
    "\n",
    "x = torch.randn((context_len, dim))\n",
    "print(\"x:\\n\", x)\n",
    "\n",
    "y = rotate_half(x)\n",
    "print(\"y:\\n\", y)\n",
    "\n",
    "out = x * cos + y * sin\n",
    "print(\"out:\\n\", out)\n"
   ]
  },
  {
   "cell_type": "code",
   "execution_count": 86,
   "metadata": {},
   "outputs": [
    {
     "name": "stdout",
     "output_type": "stream",
     "text": [
      "tensor([0.0000, 0.1250, 0.2500, 0.3750, 0.5000, 0.6250, 0.7500, 0.8750])\n",
      "tensor([1.0000, 0.5623, 0.3162, 0.1778, 0.1000, 0.0562, 0.0316, 0.0178])\n",
      "torch.Size([3, 4])\n",
      "tensor([[0, 1, 2, 3],\n",
      "        [0, 1, 2, 3],\n",
      "        [0, 1, 2, 3]])\n"
     ]
    }
   ],
   "source": [
    "# multiple batch\n",
    "batch_size = 3\n",
    "\n",
    "# full rotary positinal encoding\n",
    "base = 100\n",
    "context_len = 4\n",
    "dim = 16\n",
    "device = 'cpu'\n",
    "exp = torch.arange(0, dim, 2, dtype=torch.float32).to(device) / dim\n",
    "print(exp)\n",
    "# inv_freq = 1.0 / (10000 ** (2i/dim))\n",
    "inv_freq = 1.0 / (base ** exp)\n",
    "print(inv_freq)\n",
    "\n",
    "# Generate position IDs for multiple batches\n",
    "position_ids = torch.arange(context_len).unsqueeze(0).repeat(batch_size, 1)\n",
    "print(position_ids.shape)\n",
    "print(position_ids)\n"
   ]
  },
  {
   "cell_type": "code",
   "execution_count": 87,
   "metadata": {},
   "outputs": [
    {
     "name": "stdout",
     "output_type": "stream",
     "text": [
      "tensor([[[1.0000],\n",
      "         [0.5623],\n",
      "         [0.3162],\n",
      "         [0.1778],\n",
      "         [0.1000],\n",
      "         [0.0562],\n",
      "         [0.0316],\n",
      "         [0.0178]]])\n",
      "torch.Size([1, 8, 1])\n"
     ]
    }
   ],
   "source": [
    "inv_freq_expanded = inv_freq[None, :, None].float()\n",
    "print(inv_freq_expanded)\n",
    "print(inv_freq_expanded.shape)\n",
    "\n"
   ]
  },
  {
   "cell_type": "code",
   "execution_count": 88,
   "metadata": {},
   "outputs": [
    {
     "name": "stdout",
     "output_type": "stream",
     "text": [
      "tensor([[[1.0000],\n",
      "         [0.5623],\n",
      "         [0.3162],\n",
      "         [0.1778],\n",
      "         [0.1000],\n",
      "         [0.0562],\n",
      "         [0.0316],\n",
      "         [0.0178]],\n",
      "\n",
      "        [[1.0000],\n",
      "         [0.5623],\n",
      "         [0.3162],\n",
      "         [0.1778],\n",
      "         [0.1000],\n",
      "         [0.0562],\n",
      "         [0.0316],\n",
      "         [0.0178]],\n",
      "\n",
      "        [[1.0000],\n",
      "         [0.5623],\n",
      "         [0.3162],\n",
      "         [0.1778],\n",
      "         [0.1000],\n",
      "         [0.0562],\n",
      "         [0.0316],\n",
      "         [0.0178]]])\n",
      "inv_freq_expanded.shape: torch.Size([3, 8, 1])\n"
     ]
    }
   ],
   "source": [
    "inv_freq_expanded = inv_freq_expanded.expand(position_ids.shape[0], -1, 1)\n",
    "print(inv_freq_expanded)\n",
    "print(\"inv_freq_expanded.shape:\", inv_freq_expanded.shape)\n",
    "\n"
   ]
  },
  {
   "cell_type": "code",
   "execution_count": 90,
   "metadata": {},
   "outputs": [
    {
     "name": "stdout",
     "output_type": "stream",
     "text": [
      "tensor([[[0., 1., 2., 3.]],\n",
      "\n",
      "        [[0., 1., 2., 3.]],\n",
      "\n",
      "        [[0., 1., 2., 3.]]])\n",
      "inv_freq_expanded.shape: torch.Size([3, 1, 4])\n"
     ]
    }
   ],
   "source": [
    "position_ids_expanded = position_ids[:, None, :].float()\n",
    "print(position_ids_expanded)\n",
    "print(\"inv_freq_expanded.shape:\", position_ids_expanded.shape)\n",
    "\n"
   ]
  },
  {
   "cell_type": "code",
   "execution_count": 91,
   "metadata": {},
   "outputs": [
    {
     "name": "stdout",
     "output_type": "stream",
     "text": [
      "tensor([[[0.0000, 1.0000, 2.0000, 3.0000],\n",
      "         [0.0000, 0.5623, 1.1247, 1.6870],\n",
      "         [0.0000, 0.3162, 0.6325, 0.9487],\n",
      "         [0.0000, 0.1778, 0.3557, 0.5335],\n",
      "         [0.0000, 0.1000, 0.2000, 0.3000],\n",
      "         [0.0000, 0.0562, 0.1125, 0.1687],\n",
      "         [0.0000, 0.0316, 0.0632, 0.0949],\n",
      "         [0.0000, 0.0178, 0.0356, 0.0533]],\n",
      "\n",
      "        [[0.0000, 1.0000, 2.0000, 3.0000],\n",
      "         [0.0000, 0.5623, 1.1247, 1.6870],\n",
      "         [0.0000, 0.3162, 0.6325, 0.9487],\n",
      "         [0.0000, 0.1778, 0.3557, 0.5335],\n",
      "         [0.0000, 0.1000, 0.2000, 0.3000],\n",
      "         [0.0000, 0.0562, 0.1125, 0.1687],\n",
      "         [0.0000, 0.0316, 0.0632, 0.0949],\n",
      "         [0.0000, 0.0178, 0.0356, 0.0533]],\n",
      "\n",
      "        [[0.0000, 1.0000, 2.0000, 3.0000],\n",
      "         [0.0000, 0.5623, 1.1247, 1.6870],\n",
      "         [0.0000, 0.3162, 0.6325, 0.9487],\n",
      "         [0.0000, 0.1778, 0.3557, 0.5335],\n",
      "         [0.0000, 0.1000, 0.2000, 0.3000],\n",
      "         [0.0000, 0.0562, 0.1125, 0.1687],\n",
      "         [0.0000, 0.0316, 0.0632, 0.0949],\n",
      "         [0.0000, 0.0178, 0.0356, 0.0533]]])\n",
      "torch.Size([3, 8, 4])\n"
     ]
    }
   ],
   "source": [
    "freqs = (inv_freq_expanded.float() @ position_ids_expanded.float())\n",
    "print(freqs)\n",
    "print(freqs.shape)\n",
    "\n"
   ]
  },
  {
   "cell_type": "code",
   "execution_count": 85,
   "metadata": {},
   "outputs": [
    {
     "name": "stdout",
     "output_type": "stream",
     "text": [
      "tensor([0.0000, 0.1250, 0.2500, 0.3750, 0.5000, 0.6250, 0.7500, 0.8750])\n",
      "tensor([1.0000, 0.5623, 0.3162, 0.1778, 0.1000, 0.0562, 0.0316, 0.0178])\n",
      "torch.Size([3, 4])\n",
      "tensor([[[1.0000],\n",
      "         [0.5623],\n",
      "         [0.3162],\n",
      "         [0.1778],\n",
      "         [0.1000],\n",
      "         [0.0562],\n",
      "         [0.0316],\n",
      "         [0.0178]],\n",
      "\n",
      "        [[1.0000],\n",
      "         [0.5623],\n",
      "         [0.3162],\n",
      "         [0.1778],\n",
      "         [0.1000],\n",
      "         [0.0562],\n",
      "         [0.0316],\n",
      "         [0.0178]],\n",
      "\n",
      "        [[1.0000],\n",
      "         [0.5623],\n",
      "         [0.3162],\n",
      "         [0.1778],\n",
      "         [0.1000],\n",
      "         [0.0562],\n",
      "         [0.0316],\n",
      "         [0.0178]]])\n",
      "inv_freq_expanded.shape: torch.Size([3, 8, 1])\n",
      "tensor([[[0., 1., 2., 3.]],\n",
      "\n",
      "        [[0., 1., 2., 3.]],\n",
      "\n",
      "        [[0., 1., 2., 3.]]])\n",
      "inv_freq_expanded.shape: torch.Size([3, 8, 1])\n",
      "tensor([[[0.0000, 1.0000, 2.0000, 3.0000],\n",
      "         [0.0000, 0.5623, 1.1247, 1.6870],\n",
      "         [0.0000, 0.3162, 0.6325, 0.9487],\n",
      "         [0.0000, 0.1778, 0.3557, 0.5335],\n",
      "         [0.0000, 0.1000, 0.2000, 0.3000],\n",
      "         [0.0000, 0.0562, 0.1125, 0.1687],\n",
      "         [0.0000, 0.0316, 0.0632, 0.0949],\n",
      "         [0.0000, 0.0178, 0.0356, 0.0533]],\n",
      "\n",
      "        [[0.0000, 1.0000, 2.0000, 3.0000],\n",
      "         [0.0000, 0.5623, 1.1247, 1.6870],\n",
      "         [0.0000, 0.3162, 0.6325, 0.9487],\n",
      "         [0.0000, 0.1778, 0.3557, 0.5335],\n",
      "         [0.0000, 0.1000, 0.2000, 0.3000],\n",
      "         [0.0000, 0.0562, 0.1125, 0.1687],\n",
      "         [0.0000, 0.0316, 0.0632, 0.0949],\n",
      "         [0.0000, 0.0178, 0.0356, 0.0533]],\n",
      "\n",
      "        [[0.0000, 1.0000, 2.0000, 3.0000],\n",
      "         [0.0000, 0.5623, 1.1247, 1.6870],\n",
      "         [0.0000, 0.3162, 0.6325, 0.9487],\n",
      "         [0.0000, 0.1778, 0.3557, 0.5335],\n",
      "         [0.0000, 0.1000, 0.2000, 0.3000],\n",
      "         [0.0000, 0.0562, 0.1125, 0.1687],\n",
      "         [0.0000, 0.0316, 0.0632, 0.0949],\n",
      "         [0.0000, 0.0178, 0.0356, 0.0533]]])\n",
      "torch.Size([3, 8, 4])\n",
      "tensor([[[0.0000, 0.0000, 0.0000, 0.0000, 0.0000, 0.0000, 0.0000, 0.0000],\n",
      "         [1.0000, 0.5623, 0.3162, 0.1778, 0.1000, 0.0562, 0.0316, 0.0178],\n",
      "         [2.0000, 1.1247, 0.6325, 0.3557, 0.2000, 0.1125, 0.0632, 0.0356],\n",
      "         [3.0000, 1.6870, 0.9487, 0.5335, 0.3000, 0.1687, 0.0949, 0.0533]],\n",
      "\n",
      "        [[0.0000, 0.0000, 0.0000, 0.0000, 0.0000, 0.0000, 0.0000, 0.0000],\n",
      "         [1.0000, 0.5623, 0.3162, 0.1778, 0.1000, 0.0562, 0.0316, 0.0178],\n",
      "         [2.0000, 1.1247, 0.6325, 0.3557, 0.2000, 0.1125, 0.0632, 0.0356],\n",
      "         [3.0000, 1.6870, 0.9487, 0.5335, 0.3000, 0.1687, 0.0949, 0.0533]],\n",
      "\n",
      "        [[0.0000, 0.0000, 0.0000, 0.0000, 0.0000, 0.0000, 0.0000, 0.0000],\n",
      "         [1.0000, 0.5623, 0.3162, 0.1778, 0.1000, 0.0562, 0.0316, 0.0178],\n",
      "         [2.0000, 1.1247, 0.6325, 0.3557, 0.2000, 0.1125, 0.0632, 0.0356],\n",
      "         [3.0000, 1.6870, 0.9487, 0.5335, 0.3000, 0.1687, 0.0949, 0.0533]]])\n",
      "torch.Size([3, 4, 8])\n",
      "x:\n",
      " tensor([[ 1.5276,  0.8645, -0.1264, -1.3117, -1.6433,  0.7378,  1.4115,  0.3323,\n",
      "          0.7256, -1.6505,  2.4059,  1.1288,  0.4322, -0.3570,  0.8968, -0.1129],\n",
      "        [-0.8835, -1.9804, -0.1562, -0.8746,  1.2590, -0.8187,  1.7608,  1.1368,\n",
      "          2.7788, -0.0964,  1.1249, -0.6723,  1.4027,  0.1152, -0.5405,  0.1566],\n",
      "        [-0.7678,  0.7859, -0.5568,  0.6911,  0.6785, -0.1526, -0.4112,  1.0738,\n",
      "          1.2263, -0.6643, -0.5865,  1.0364, -0.8194,  1.1644,  1.0264,  1.2851],\n",
      "        [ 0.7094,  2.5210,  1.0057, -1.6037, -0.0979,  0.8634, -0.5133,  0.3169,\n",
      "          1.7085, -0.3394, -2.1255, -0.5240, -0.6766, -0.2866, -0.4894,  1.4859]])\n",
      "y:\n",
      " tensor([[-0.7256,  1.6505, -2.4059, -1.1288, -0.4322,  0.3570, -0.8968,  0.1129,\n",
      "          1.5276,  0.8645, -0.1264, -1.3117, -1.6433,  0.7378,  1.4115,  0.3323],\n",
      "        [-2.7788,  0.0964, -1.1249,  0.6723, -1.4027, -0.1152,  0.5405, -0.1566,\n",
      "         -0.8835, -1.9804, -0.1562, -0.8746,  1.2590, -0.8187,  1.7608,  1.1368],\n",
      "        [-1.2263,  0.6643,  0.5865, -1.0364,  0.8194, -1.1644, -1.0264, -1.2851,\n",
      "         -0.7678,  0.7859, -0.5568,  0.6911,  0.6785, -0.1526, -0.4112,  1.0738],\n",
      "        [-1.7085,  0.3394,  2.1255,  0.5240,  0.6766,  0.2866,  0.4894, -1.4859,\n",
      "          0.7094,  2.5210,  1.0057, -1.6037, -0.0979,  0.8634, -0.5133,  0.3169]])\n",
      "out:\n",
      " tensor([[[ 1.5276,  0.8645, -0.1264, -1.3117, -1.6433,  0.7378,  1.4115,\n",
      "           0.3323,  0.7256, -1.6505,  2.4059,  1.1288,  0.4322, -0.3570,\n",
      "           0.8968, -0.1129],\n",
      "         [-2.8156, -1.6241, -0.4983, -0.7419,  1.1127, -0.8238,  1.7770,\n",
      "           1.1338,  0.7580, -1.1374,  1.0206, -0.8164,  1.5214,  0.0690,\n",
      "          -0.4845,  0.1768],\n",
      "         [-0.7955,  0.9384, -0.1025,  0.2870,  0.8277, -0.2823, -0.4753,\n",
      "           1.0274, -1.2085,  0.4224, -0.8022,  1.2122, -0.6682,  1.1399,\n",
      "           0.9984,  1.3225],\n",
      "         [-0.9434,  0.0448,  2.3133, -1.1144,  0.1064,  0.8992, -0.4646,\n",
      "           0.2372, -1.5913,  2.5433, -0.4214, -1.2667, -0.6753, -0.1376,\n",
      "          -0.5358,  1.5007]],\n",
      "\n",
      "        [[ 1.5276,  0.8645, -0.1264, -1.3117, -1.6433,  0.7378,  1.4115,\n",
      "           0.3323,  0.7256, -1.6505,  2.4059,  1.1288,  0.4322, -0.3570,\n",
      "           0.8968, -0.1129],\n",
      "         [-2.8156, -1.6241, -0.4983, -0.7419,  1.1127, -0.8238,  1.7770,\n",
      "           1.1338,  0.7580, -1.1374,  1.0206, -0.8164,  1.5214,  0.0690,\n",
      "          -0.4845,  0.1768],\n",
      "         [-0.7955,  0.9384, -0.1025,  0.2870,  0.8277, -0.2823, -0.4753,\n",
      "           1.0274, -1.2085,  0.4224, -0.8022,  1.2122, -0.6682,  1.1399,\n",
      "           0.9984,  1.3225],\n",
      "         [-0.9434,  0.0448,  2.3133, -1.1144,  0.1064,  0.8992, -0.4646,\n",
      "           0.2372, -1.5913,  2.5433, -0.4214, -1.2667, -0.6753, -0.1376,\n",
      "          -0.5358,  1.5007]],\n",
      "\n",
      "        [[ 1.5276,  0.8645, -0.1264, -1.3117, -1.6433,  0.7378,  1.4115,\n",
      "           0.3323,  0.7256, -1.6505,  2.4059,  1.1288,  0.4322, -0.3570,\n",
      "           0.8968, -0.1129],\n",
      "         [-2.8156, -1.6241, -0.4983, -0.7419,  1.1127, -0.8238,  1.7770,\n",
      "           1.1338,  0.7580, -1.1374,  1.0206, -0.8164,  1.5214,  0.0690,\n",
      "          -0.4845,  0.1768],\n",
      "         [-0.7955,  0.9384, -0.1025,  0.2870,  0.8277, -0.2823, -0.4753,\n",
      "           1.0274, -1.2085,  0.4224, -0.8022,  1.2122, -0.6682,  1.1399,\n",
      "           0.9984,  1.3225],\n",
      "         [-0.9434,  0.0448,  2.3133, -1.1144,  0.1064,  0.8992, -0.4646,\n",
      "           0.2372, -1.5913,  2.5433, -0.4214, -1.2667, -0.6753, -0.1376,\n",
      "          -0.5358,  1.5007]]])\n"
     ]
    }
   ],
   "source": [
    "# multiple batch\n",
    "batch_size = 3\n",
    "\n",
    "# full rotary positinal encoding\n",
    "base = 100\n",
    "context_len = 4\n",
    "dim = 16\n",
    "device = 'cpu'\n",
    "exp = torch.arange(0, dim, 2, dtype=torch.float32).to(device) / dim\n",
    "print(exp)\n",
    "# inv_freq = 1.0 / (10000 ** (2i/dim))\n",
    "inv_freq = 1.0 / (base ** exp)\n",
    "print(inv_freq)\n",
    "\n",
    "# Generate position IDs for multiple batches\n",
    "position_ids = torch.arange(context_len).unsqueeze(0).repeat(batch_size, 1)\n",
    "print(position_ids.shape)\n",
    "\n",
    "inv_freq_expanded = inv_freq[None, :, None].float()\n",
    "# print(inv_freq_expanded)\n",
    "# print(inv_freq_expanded.shape)\n",
    "inv_freq_expanded = inv_freq_expanded.expand(position_ids.shape[0], -1, 1)\n",
    "print(inv_freq_expanded)\n",
    "print(\"inv_freq_expanded.shape:\", inv_freq_expanded.shape)\n",
    "\n",
    "position_ids_expanded = position_ids[:, None, :].float()\n",
    "print(position_ids_expanded)\n",
    "print(\"inv_freq_expanded.shape:\", inv_freq_expanded.shape)\n",
    "\n",
    "freqs = (inv_freq_expanded.float() @ position_ids_expanded.float())\n",
    "print(freqs)\n",
    "print(freqs.shape)\n",
    "\n",
    "freqs = freqs.transpose(1, 2)\n",
    "print(freqs)\n",
    "print(freqs.shape)\n",
    "\n",
    "emb = torch.cat((freqs, freqs), dim=-1)\n",
    "cos = emb.cos()\n",
    "sin = emb.sin()\n",
    "\n",
    "x = torch.randn((context_len, dim))\n",
    "print(\"x:\\n\", x)\n",
    "\n",
    "y = rotate_half(x)\n",
    "print(\"y:\\n\", y)\n",
    "\n",
    "out = x * cos + y * sin\n",
    "print(\"out:\\n\", out)\n"
   ]
  }
 ],
 "metadata": {
  "kernelspec": {
   "display_name": ".venv",
   "language": "python",
   "name": "python3"
  },
  "language_info": {
   "codemirror_mode": {
    "name": "ipython",
    "version": 3
   },
   "file_extension": ".py",
   "mimetype": "text/x-python",
   "name": "python",
   "nbconvert_exporter": "python",
   "pygments_lexer": "ipython3",
   "version": "3.11.9"
  }
 },
 "nbformat": 4,
 "nbformat_minor": 2
}
